397133
174482
289393
219578
555705
286994
270244
502737
515445
438862
321214
95786
301135
338428
476415
360137
134112
785
339442
541055
464786
555412
321333
108026
295231
21903
34139
509131
43314
456303
475064
296284
366611
159458
219283
100624
211042
441586
99054
82180
248980
18150
234607
579655
117908
550322
218362
488270
561679
475678
486479
127955
322724
183127
290163
218439
411817
215259
147729
137294
91654
227478
33707
327601
526392
535578
148719
101420
411665
277020
8532
68409
45550
156643
279541
513283
176446
497599
131273
577182
60347
284296
351810
334767
99810
36844
58350
536947
213035
169996
226417
56127
571804
33114
95843
429011
183648
215245
389109
99039
65736
357978
410510
462629
10363
538364
180383
272364
493566
190140
162415
79651
184978
343706
474078
306139
531771
462614
343934
101787
522751
482477
505638
201148
488664
407083
212226
132408
100510
441442
331799
378873
403584
24610
119995
369323
127270
400922
433774
385997
437205
327605
249786
311928
37988
437392
206487
542856
39670
124636
274219
166664
50679
499313
468501
511760
322163
229216
313130
562843
178982
7816
480842
459500
442456
188439
532855
185292
304812
74733
190637
1503
322959
319607
484893
130386
21604
486112
547502
130579
69224
120853
463802
186282
376856
496571
365766
298697
565962
112798
258541
339823
15597
528314
401250
558213
375078
411938
173091
91615
560474
304560
167540
424776
151657
313454
4134
407002
581206
344614
190236
181816
52007
267169
67534
506279
447465
480936
257624
10995
575081
540962
554838
505789
173371
480021
551350
494188
417085
297830
539962
275392
409211
127530
321790
75612
216419
147205
550714
394328
94326
88848
500613
151938
88485
384666
43581
386879
549738
249180
295797
262631
482719
383676
279145
334521
514376
391144
521509
24144
270474
269121
119516
361621
186632
488592
463199
142585
548780
137727
4795
1675
503823
310862
477288
294855
125952
194940
304180
330818
426203
132703
326462
374083
10092
570456
24027
370375
105455
445675
347544
90208
537355
117525
149568
427655
434297
41990
360393
335658
457884
27620
64084
408112
21839
433243
22755
322829
344029
357060
57244
210388
32861
409424
191580
350679
94185
383339
537270
25386
249129
512929
351362
477441
137950
307074
338191
303863
230450
432468
263860
377239
20247
190853
463527
193674
265777
520871
136600
243344
284764
529568
387387
147338
46497
275727
241297
477623
514979
235241
496954
30785
365521
449603
239717
48396
513524
485071
133418
156924
418696
126107
179392
127660
496409
145597
222735
327617
489611
154339
436617
56350
179765
433204
224724
343976
126110
265816
18491
292415
80932
273493
233238
412362
210299
491213
328959
170545
499775
153632
523782
153527
522940
47571
451879
200421
225757
148620
394677
489305
565607
272049
377946
281759
479155
469828
407574
239773
449312
39480
120584
139077
527528
541773
540502
550797
183246
303305
553339
193884
324715
291551
142971
241668
506004
193743
263425
301376
71711
531707
273617
416330
88250
572900
257865
438876
372260
2685
208901
96549
405205
233567
519039
194216
419312
96825
562229
15254
568195
385719
328601
415716
248112
248810
296969
27768
573626
458223
445248
365886
292005
484415
41872
42563
488710
234660
265108
71226
183437
52462
284106
575815
296222
382125
145591
368900
435003
166509
347163
574315
465180
213033
291861
227985
422670
458410
430048
334977
578871
2592
226171
22589
327890
475904
51008
155145
543300
500211
328238
356428
349594
511453
377393
530061
218249
507473
436738
566923
326627
535608
471450
555005
346707
164885
439426
482735
371529
555012
266400
342367
456865
284762
155443
572555
178744
343453
438226
150417
31217
157756
370208
557172
149622
180188
15440
478393
250137
121417
235064
50380
94614
252507
326128
81988
546325
28452
341921
229753
261712
263299
236690
50145
477227
353096
336587
500663
314294
312421
185250
577539
514508
578500
428454
231339
494869
223130
545826
292082
181859
375015
165351
34205
314709
218091
372577
31050
239537
376442
293044
534827
384350
383621
315257
338986
83113
173033
453708
127517
173004
491366
323151
111179
57238
403565
312278
22969
11197
483667
51961
375278
302165
240754
384468
68387
118367
570471
217957
90284
383386
5060
78266
101762
519764
137576
163257
15278
109916
322352
38576
248752
349184
352584
8762
47828
271997
94336
360960
97278
532493
885
16958
570169
453584
284991
361268
194471
89670
447314
181303
286182
417779
447342
267434
106757
473974
537506
450488
99182
306700
146457
289516
93437
176778
89556
402433
168619
469652
108244
416269
124975
104669
409630
349678
475572
57672
213816
369675
151857
316054
231169
444879
394206
415748
437239
250766
327306
35279
235778
541952
300039
237928
382122
554291
60835
502599
224119
417043
549390
434204
451084
581062
364126
426836
196141
418961
74256
154644
17714
308799
239627
466085
498286
455085
282046
12062
496722
551815
575357
460682
313562
188296
577735
325527
78823
527220
548267
244019
340451
480275
568981
239318
341828
546976
498857
56545
540928
115885
496597
513484
227898
191761
400044
517056
187362
377670
232348
357737
365642
104803
290293
435206
300913
416837
61960
410612
250758
8844
23359
292024
326970
530457
418062
489339
6213
312340
553094
214205
495054
269316
391290
443844
551780
398742
467315
167353
273712
545100
522638
187513
243495
553776
205282
577862
460967
183104
419882
502229
333956
146363
408120
132796
96960
320632
466256
406129
22705
492110
402473
141597
206135
472678
196754
184338
15497
562207
241677
356261
119452
573258
5193
479953
223182
262227
248616
136772
18737
118515
185472
114049
562443
367818
35682
50638
426253
164363
507081
215723
486046
464824
572462
406417
6763
474170
400794
180878
334530
376206
553669
97022
185802
392933
293071
275791
192716
256195
577976
20333
12280
290833
328117
348012
262682
479126
332901
287291
159684
494634
378139
396205
367195
201676
516318
197022
568584
51610
302882
228981
228942
65485
517069
545219
82085
330790
222299
319184
551660
437898
212453
287714
267903
484760
3661
183500
124798
546659
572303
246454
161609
222317
98633
410934
236308
416885
187585
344795
27972
570834
203389
239041
187745
235252
117374
330369
214753
527695
138241
275058
79031
64523
554002
45229
438774
284725
419201
250205
508586
125257
431693
86582
266768
404678
319696
9772
245448
1532
552612
284279
535156
283070
296634
377635
39785
177539
213422
435208
12667
109441
127624
460229
573391
242678
190307
254368
146489
33368
404839
260925
368456
260261
112378
479732
197004
529939
431568
55528
402765
70229
454404
202001
79588
395343
520324
5992
186938
203294
463618
359135
80949
462728
293858
322574
84674
335328
327769
457848
578792
275749
176847
505573
185473
121744
39477
168593
267300
452321
365208
152214
113589
53626
7795
554156
366225
52413
255401
144114
17905
418959
289594
314914
249643
112110
540932
85772
159399
224675
95069
425226
276018
388258
234526
351530
423617
27932
18833
50006
503855
347930
60855
169356
297595
495732
492758
433192
506933
444275
68833
206271
129135
293324
157847
416170
163682
515982
324158
420069
16451
213830
182155
112997
437514
100274
92416
133343
496854
197388
191672
397279
376478
80413
122166
122217
131386
396568
261706
29984
398028
251537
414638
523033
177065
32610
370900
389804
427338
338325
162130
377575
5037
497867
395388
177383
574810
286458
561465
451155
194724
577959
356094
161008
368752
85576
192047
466156
69213
453634
401244
172649
556873
151820
127394
549220
428218
533855
407646
458054
491497
184791
41888
184321
403817
85329
511321
125211
430961
173383
66523
366141
383384
236412
524456
508730
504711
459153
30675
166277
352684
84477
347265
389381
300842
578545
363207
212166
355325
9483
326082
243204
177935
555050
190756
442480
154947
130599
564133
177714
459887
466567
474167
8277
173044
306733
3845
131131
186873
552902
125405
429281
1490
88269
521405
518770
323895
415727
120420
223747
297578
440475
216739
38048
354829
205647
307658
342971
281447
138115
374369
439854
465836
131556
295316
571313
115898
546964
404923
290179
134096
446651
194875
579818
526751
504589
509735
341719
78959
567640
430056
410456
83172
343524
519522
80057
492362
10977
420916
579893
225532
13659
222991
226592
86755
404805
2261
26465
349837
131431
334399
123480
102644
102356
8690
217614
166563
49269
218424
356498
373315
322211
442323
1000
379842
559543
185890
165257
15338
372317
479099
263594
88432
138979
563653
86483
393093
198510
126592
133567
200667
476810
540280
422836
493613
377113
199055
333772
121591
176799
230819
82715
27696
62808
497344
261732
534601
405691
59920
146498
448410
453166
133631
561335
191288
94944
151051
394510
92177
97337
427055
54654
480944
568690
393282
472030
140556
206994
258793
201025
776
470121
309467
473121
107554
449661
91500
557916
229358
153217
211069
436551
105923
560880
10764
258388
3553
253819
439525
127476
517523
15272
343315
436883
289229
28449
370813
576052
51712
143998
250901
333237
300341
312192
52996
123585
302452
89271
412887
455157
273232
163118
459195
451043
80273
398203
301421
509824
340894
174371
28285
372718
354072
341058
459634
362682
474164
510329
139872
7977
231822
377814
243199
324258
482970
456662
525286
257169
23666
543528
232538
229221
162543
359833
549674
344621
474344
66886
409358
67213
79188
283318
401862
198489
470952
364557
450100
240023
117744
371042
386134
187249
133087
500477
375493
324818
81594
556765
268729
457559
362716
463918
453302
464476
11149
163258
488075
551794
474881
389684
15751
155341
232244
580197
453001
22892
380203
407298
232692
139684
242934
407868
553731
335954
305609
129113
415194
443498
448448
492282
236845
385205
135872
531495
472298
407943
262938
52591
36539
121673
125129
292488
1761
286849
373705
316015
312213
172877
153229
481413
372307
575500
127494
84492
357903
125778
6040
146825
459396
269113
350388
161879
7278
565597
580410
425227
498747
445834
241319
537812
369812
565563
471023
76625
203546
163951
356505
376093
510095
128748
106563
530836
424162
245102
186624
568147
379533
196442
295138
245320
553221
189451
25228
355610
241602
474095
533493
118209
290081
549167
74860
350405
383337
512985
326174
359219
164883
245173
58539
335529
266082
233727
264335
526706
365098
16598
56288
457262
574823
50331
505451
462576
297353
398905
442009
547383
491867
190753
263966
52507
68286
92091
471789
499266
60899
109055
229747
53529
4395
296657
262048
112626
158660
13201
44260
476119
179898
369310
324614
273420
123633
286660
574702
537241
55072
550349
289659
532530
424975
170955
534270
159311
417608
426795
459809
106330
194716
226662
406997
414133
188906
270677
344100
246883
238013
473821
379332
560911
66817
368335
276284
90062
160772
441543
511398
40036
270122
148739
371552
317999
257370
403122
308466
439593
235399
309964
71756
221872
318238
479248
181753
429690
497568
396903
581100
247838
286422
357081
341094
174123
341973
554595
237071
320490
160012
446207
429530
419098
482436
485424
33854
299887
481567
314251
98520
238039
564336
409867
33109
58384
347370
451693
110449
43737
411774
192191
267351
87244
48504
257478
213171
216636
468332
420840
19786
294695
321118
78170
67896
183965
360951
195045
76547
245576
6460
179285
66231
129322
286507
347254
253695
459662
140987
353027
137106
47112
32081
171740
529528
55002
454978
35770
306893
269632
118405
60090
220732
145781
233033
46463
255747
561223
88970
86956
374982
276921
121497
189213
331569
13177
235057
271457
8899
212895
499181
520832
230993
519611
104455
554266
161925
82688
311002
440184
279714
314541
547336
19042
572388
272212
157418
422998
477955
394940
403385
565778
297343
239274
301867
360661
486438
109798
515579
39956
142092
544519
96493
379453
278848
292236
125062
334719
118921
378605
172571
100582
4495
11813
537991
458755
385190
61171
80340
72813
369081
155179
396274
137246
15079
263969
551439
554735
448076
293804
168458
189436
533958
117645
221708
485802
176606
98839
446522
16010
193494
36936
50326
205542
231747
488736
286523
557501
569917
210032
126226
153529
253835
229858
85478
417465
123321
146358
573094
450303
58029
165039
334555
183716
464522
454750
23034
424551
2157
441286
193348
308531
415238
102707
32285
206411
472375
221017
395633
508101
20059
3934
29596
47740
32887
517687
493286
581615
284698
381639
273198
214200
471087
519688
130699
521540
67310
125936
128476
351823
214224
255483
35963
413552
104572
266206
86220
314177
149406
315450
171050
23230
61268
11122
278463
456015
872
159282
228214
110884
273551
194832
127092
297396
567825
35062
342128
503755
159112
226408
167898
117914
234807
542423
189698
469067
148783
488251
229601
427160
474039
461751
466986
170893
563603
116439
304545
449406
329827
378244
51938
302990
427077
69795
346968
294163
407403
248334
542089
500464
315187
439623
46804
46872
219485
38210
10583
284743
154705
384661
232649
70774
353180
42178
106281
563702
237864
530162
552842
68765
425925
368982
356424
30828
520009
207728
49810
477689
55150
82807
312586
489924
129812
492968
132544
327592
567011
104424
563281
532901
383443
516143
213593
495146
197528
222863
516871
125472
428111
248400
498807
382743
124442
93261
88345
319534
505565
250619
1993
541664
7784
160556
201775
515266
130826
299720
221155
91619
433374
330396
205333
5529
231527
231097
400082
416343
382009
383842
186345
402334
300233
7818
366884
498709
527616
252294
259854
60770
544052
54592
230983
180101
2153
256407
398377
170595
347335
110359
490413
506454
210708
568814
151962
308793
561889
280779
464358
515350
351331
335081
210855
365207
529966
574425
449909
499768
115118
90155
130566
14888
119828
357941
25057
463283
452784
95707
500565
365385
562581
451435
507893
197870
525600
500423
377368
243075
304291
38118
148662
255912
175535
60102
292908
209530
345385
429761
414676
223738
177489
450202
30213
565045
283037
171611
355240
504635
391722
363784
262440
293245
237984
297681
364297
209972
270883
346232
132622
298738
15956
428280
170099
90631
253002
343496
333697
14380
9378
226883
31093
288862
119911
425906
274460
202445
522156
117197
224051
146667
129756
543043
460379
366178
259382
528980
461036
165500
509656
299355
460929
135604
124659
415741
322944
5600
272416
163155
255965
333069
464251
390826
516601
245651
179214
515077
289960
491464
281409
404922
446005
402346
227511
325114
364587
212072
52565
416758
270402
269932
23126
581357
187055
329080
513041
378099
348481
424135
404484
384850
96001
193717
501023
44068
136334
185599
565469
455597
262895
251140
550084
490171
493772
476514
523957
54164
462371
84362
66771
17899
109976
423798
494863
309173
14831
125806
81738
224222
569972
546826
343466
307145
360564
404479
349302
16502
345261
129416
399655
177861
308753
530975
172595
427034
44279
256941
555597
6723
311518
548555
154087
513567
158744
506178
163117
109827
89296
312263
154213
231237
435880
426166
405432
208208
459437
20107
415536
460683
540466
275198
554579
493019
210030
223090
379476
211825
351609
338532
166259
210099
353970
133645
423104
68628
277689
385029
367228
140929
226058
459954
404191
74209
412531
152465
539445
104198
18837
45472
343149
414340
543047
565391
116479
291664
79408
570448
516916
296231
101884
294350
136033
423971
270066
524108
200162
95899
166426
119677
206579
263644
539883
31248
159791
243626
320425
387383
248284
210789
341469
308476
355905
328337
116206
547854
388215
246522
529148
217425
290768
357567
237118
23272
360943
59386
507042
394275
467848
40083
61747
128675
220310
552775
181666
308394
456496
122745
233771
572517
476258
400573
239347
206027
551215
23899
168330
186980
487583
311295
29393
48153
295713
198960
344059
87875
288042
414170
38829
397327
356347
264535
227187
456559
546011
172547
464089
261116
226147
162092
99428
311394
189310
471869
520264
332570
530099
251065
348708
278353
461405
465675
64462
163640
337498
162035
322844
164602
236784
176634
579635
560011
154425
52017
336309
580757
417285
43816
378284
56344
388056
371677
232563
520910
471991
372819
430875
296224
122927
153568
203488
338624
227686
476215
297698
247917
439522
424721
176901
301563
425702
319935
246968
433980
274687
140658
323709
579158
578093
369751
431727
235784
173830
184384
13923
369771
157124
508602
17178
507975
106048
177893
519491
475732
267191
547886
199395
514797
514586
384136
291791
507797
475387
511999
287874
297022
23781
576566
74200
234779
494759
425221
277051
138954
243148
185950
44195
483531
170191
445999
405970
465179
492992
212573
252716
537827
544444
273711
358195
45090
341196
309678
113720
107339
563882
176232
5477
442661
69138
432553
76417
138550
158956
431896
129062
257896
203580
236592
116589
369541
396863
220764
74457
493864
51976
258883
175251
423123
193926
58393
441468
417876
570664
255536
259625
103723
481582
447522
190841
210230
256518
252701
518326
209747
27982
149222
48924
410712
63552
268375
308328
323799
72281
46031
195754
206218
500716
302760
268831
175387
184762
479912
134722
184400
478286
252332
519338
352491
20571
434548
439290
54605
475191
356432
537802
435205
485844
508370
311081
169076
335800
566282
47585
283412
348488
161781
24567
292446
294162
477805
462643
135670
309495
558558
280325
197658
106266
242060
152686
179642
154358
283717
484978
546829
306136
224200
29397
1353
399764
396580
491757
320743
470779
455267
35326
407614
463037
545407
515025
298251
3501
83540
29675
430973
50943
436315
36678
40471
110042
101780
193162
219440
231831
39769
383921
451090
57027
108864
405972
400815
437351
562197
551804
75393
167122
504074
180792
445846
119038
41635
180487
19221
473406
65350
577864
380711
345252
515828
160666
85911
370270
408774
357816
182202
60449
546475
175443
452793
491071
155451
186637
359937
393226
258911
329447
144932
368961
445439
568213
567740
576031
491130
574520
508312
338905
295809
259830
376365
102805
535253
441491
455937
166478
195918
157767
452891
82846
11615
458702
78420
440171
227482
361506
170613
471756
274066
470173
246308
304396
465129
3156
297147
568290
311190
84650
19924
575243
7088
499031
209757
242946
303893
105335
267670
7386
534605
213445
165336
384616
482585
421834
417249
170670
192964
167572
482319
53909
150930
130465
145620
567432
553511
528862
289586
285788
192607
525247
424545
519208
250127
485480
243989
232088
88040
226984
34760
408830
132587
225184
277584
309452
241326
78426
419379
455448
155051
105249
352618
221502
225946
167067
150224
136633
356125
244592
415882
331317
172396
66841
68078
2149
468925
288584
76261
307598
576955
249550
573008
179112
536073
310200
438017
321887
60932
364636
167240
495448
167159
396526
39914
579321
5503
322429
404128
500049
372203
204871
131444
154000
535094
106912
276055
33221
202339
430871
350003
389933
22192
2587
403353
16439
181499
1296
222094
329614
438269
188689
557672
329041
2473
449190
345941
31620
140076
66635
383289
476787
345356
442161
176857
239843
533536
81061
350019
140286
508639
139260
110999
231549
390902
242411
457078
288882
397639
350054
458255
289702
377588
431545
263679
376264
416745
147223
55299
502168
442306
295478
115245
532071
196009
393014
109313
355169
424349
314264
569976
155154
429109
150726
404534
93154
205289
522393
158945
453981
377497
280891
407524
64718
446703
245513
186449
119641
442836
153510
179141
391140
157046
478721
512403
15335
37777
6818
331352
460347
322864
443303
418281
516316
382088
349860
369370
63154
228144
399462
261061
368294
580294
33638
329219
34873
127182
117425
365387
458109
122046
107226
283520
319721
105014
261982
294831
84431
340930
560279
300659
338560
104782
140640
544605
110638
273715
386352
578489
199310
135561
512194
547816
97679
205834
570539
559956
448810
402992
329456
46252
286553
63602
36861
560266
123213
357742
414385
54593
181796
111951
339870
255749
11051
421455
45728
455555
93353
91779
39551
395801
236914
232684
144784
392228
191013
136355
165518
459467
135673
134886
485895
287545
289222
310072
78843
419096
253386
530854
263463
558854
334483
12576
361238
76731
380913
350002
356248
363666
481573
230008
456394
525322
468124
405249
227765
13546
51738
232489
129492
187271
334309
452084
17379
449996
269196
243867
113051
286708
73702
521141
191471
271728
126216
217948
69356
274708
95155
128699
523807
73946
85195
435299
361147
163611
10707
32038
346638
288391
503841
274272
70254
6894
318908
382111
317433
140270
553990
18193
43435
419974
344909
407518
413395
545730
13291
62554
354307
201426
136915
325838
565012
394611
427500
375763
544811
389532
26941
64868
447313
244099
481159
500270
308165
90956
278705
347174
262587
58705
422706
53505
332455
308631
104619
196843
311883
493284
122969
344888
546626
381360
47769
192904
132375
522007
570736
45596
172330
455981
575187
461573
221213
267940
292330
17029
128654
386277
445602
551822
193429
96427
359540
391648
349480
566042
98261
382030
104603
79014
279769
411754
489091
380706
162858
13348
545594
76416
523194
217400
377882
230362
223955
1818
132931
493442
559160
71877
419408
528399
497628
63965
316404
261535
371749
357430
474786
102331
49259
278749
366199
455872
367082
221693
82986
252216
271402
144984
546717
58655
66706
210520
458768
261888
232646
234757
229997
186929
130613
463174
273760
527215
259640
393569
8211
112634
425390
167128
464872
550471
44877
579970
207585
336628
350833
532129
386457
171298
125072
180296
181969
343803
364166
51309
331604
312489
32570
308587
132329
486573
269866
459272
84241
144003
50896
527960
128051
113354
61658
173008
240049
562561
259097
64499
116068
42889
251824
32941
320554
244379
116825
110784
223188
521231
547519
404249
283268
244181
199442
112298
325347
195842
454067
156292
22371
376284
210502
110282
395575
443969
428562
1268
398810
155571
47819
34452
372349
471893
280918
292997
32817
222118
198928
323751
368038
133778
97230
271116
53624
6614
132116
335427
359677
71451
274411
138856
247806
567886
85089
233370
431140
459757
484404
384513
578236
67315
416256
257566
335450
464144
402118
538458
399296
225405
395180
514914
351559
293474
404568
507667
450559
393056
576654
559513
175364
25096
527750
249025
42102
88218
269682
1584
72852
447200
68933
6012
287667
527784
493334
209829
302536
318138
246963
534664
484029
402519
235857
81394
399560
346905
100238
128658
529762
533145
421923
178469
362434
545007
541291
323202
185157
353518
356169
475484
41633
526728
509403
453040
536038
65074
419601
135890
289343
85376
196185
98716
217060
304365
293300
93965
134856
47801
412286
31749
417632
29187
248111
551304
114770
147740
89697
565153
518213
402783
425361
352760
530820
498032
15660
410735
397354
376310
392481
350607
88462
320232
135410
426372
170739
517832
559547
46048
25603
363461
203629
233139
215114
161397
237517
78404
569273
84170
509258
104119
434996
58111
443426
504439
358427
319617
384808
291634
89761
46378
446206
249219
328286
423944
100428
157213
309655
451571
485027
521717
426241
361586
446117
575372
534673
82812
524280
50811
23023
402774
412240
481480
6471
312406
447917
245026
89045
20553
36660
215644
14007
76211
440508
23937
178618
501243
16249
293390
414510
38070
102411
135902
94852
299609
303653
386210
13004
7991
73118
111086
531134
285894
301981
475223
206831
185409
7281
513181
150649
306437
417911
8629
64898
209753
246436
367095
71938
140439
260105
410221
322610
252559
377000
574297
553788
252219
143931
25560
475779
356427
562121
104612
448365
180560
347693
355257
342006
326541
213086
550426
263796
363840
214720
273132
566524
512836
453860
21503
460494
409475
323355
398237
187243
199977
151662
101068
53994
79837
255664
121031
141821
151000
564127
138819
166521
44699
724
21167
148730
110211
314182
352900
311303
252776
201072
201646
172946
532690
182021
458992
203317
127987
63740
67180
281179
473015
34071
460841
334006
92839
42296
70158
114871
320664
329542
189752
453722
293625
130586
410880
311180
472046
80666
423229
323828
196759
61418
66038
535306
156076
572678
106235
235836
163562
87144
122606
311909
138492
420281
482275
108253
507235
348216
452122
187144
561009
358525
119445
507015
18575
414034
39951
332845
544565
301718
313182
512564
100283
345361
186296
187236
32901
407960
317024
430377
424521
50828
279774
564091
113867
523175
467511
513580
221754
315492
244411
161032
460927
326542
485972
1425
485130
320642
413247
297084
152771
82696
361571
523241
67616
311789
448256
325306
499109
478136
251119
290771
99024
548246
21465
84664
61471
567197
429718
166642
116362
125245
396729
329455
285349
199681
323263
400803
408696
152120
391375
50165
281929
442746
493799
312720
563349
311950
177357
368212
201934
423519
516804
32811
534639
6954
148707
34257
350148
87476
490515
468505
530146
21879
168883
51326
328030
552883
492077
383606
410878
140420
488385
357501
217219
423506
352582
108495
111207
336209
426376
189820
315219
434479
478420
303908
420472
142472
369442
215072
556158
186042
188592
145665
279730
97994
57725
264968
526256
240250
577932
342295
37670
456292
491090
309938
25139
406570
271471
33104
288762
149770
289059
488166
327701
458663
74646
243034
265518
223789
344268
182805
409198
291619
88265
327780
388903
336356
444142
287347
449579
216296
482487
19742
17207
31817
363875
221281
151516
365745
478474
411953
81766
376278
127263
554328
32735
256868
92053
368684
229111
492905
466416
73533
180751
286907
261161
282912
222458
361180
350488
395903
509699
489764
62355
25424
22623
292060
525083
446574
346703
509008
157098
270297
344816
427649
420230
482800
530470
345397
227044
154718
542776
268000
200961
162732
4765
569059
568710
462031
563470
322968
316666
281693
566758
335177
25181
161875
18770
369037
217753
534041
526197
122672
190648
210915
468245
253433
73326
25986
242287
572956
462756
109900
329319
174231
114884
347456
338901
362520
438907
543581
248631
581317
268378
311392
224093
413689
313588
529105
377486
308545
454798
560178
157601
220584
342186
394559
62692
512657
556193
302107
207306
455716
44590
163746
94751
468632
164969
231879
429623
351096
2532
182611
182417
467776
309484
353051
91495
451714
422886
407650
224337
375430
565776
441247
558073
214192
571857
79034
261036
229948
59598
465430
31735
154431
281687
521956
577584
297562
491216
222825
245764
26564
22396
62353
264441
172617
231088
516038
538236
538067
298904
205401
491470
454661
2923
47010
387098
192670
365095
256775
215778
142620
47121
66561
15746
390301
505942
572408
163290
516173
324927
147415
261318
519569
234413
485237
110721
550691
413404
509719
124277
80153
564280
128112
530624
263403
236599
170116
143556
161044
11511
189226
449198
475150
337987
578967
281754
521819
109118
209142
70048
257084
162581
334417
276285
523229
68093
214869
26204
296317
355817
357748
66135
469246
140203
231580
343076
491683
263068
367386
319100
507575
504389
512248
356531
348045
131138
508482
134034
489046
156372
110972
129945
194746
559707
398438
92939
9914
468954
382696
579902
125850
280710
351589
17031
358923
526103
52891
548506
255824
565853
548339
473869
285047
416104
424642
236721
516677
20992
42528
511647
224664
433103
528705
281032
197796
499622
152870
55167
133819
2006
60052
511384
80659
451144
216277
149375
313034
318114
557884
564023
292456
159977
88951
334371
128372
79565
100489
14226
376625
433134
80274
203095
562059
229553
51314
111609
367569
85157
504415
581482
445365
226154
565624
389197
13729
480985
502136
348881
522713
17627
303818
153299
266409
80671
35197
180135
238866
199551
473237
78915
153343
367680
410428
450758
460160
269314
8021
562243
177015
121506
113403
31269
99242
331817
507223
281414
284282
521282
501523
42276
482917
189828
537153
392722
212559
523811
516708
291490
24919
337055
545129
578922
29640
131379
221291
502732
202228
492878
345466
113235
384670
450686
213224
368940
144798
284623
520301
64359
150265
525155
236166
379800
569565
123131
511599
174004
9769
205776
318080
361551
11760
69106
552371
276434
223959
579307
67406
116208
494427
2431
298396
74058
103585
108440
506656
30504
473118
283113
226130
341681
455352
290843
167486
488673
51598
17436
177934
42070
439715
466125
378454
533206
561366
399205
164637
178028
279887
183675
532058
301061
105264
25393
79144
91921
75456
222455
429598
62025
90108
209613
476704
260266
147725
521052
77595
512776
431848
280930
549136
183709
77396
566436
305343
539143
508917
220858
139883
348243
260106
97924
93717
40757
322895
547144
409542
179653
168337
173302
213935
78032
537964
401991
364102
440336
289417
22479
451150
148957
384651
305309
384949
533816
522889
555009
527427
153782
213605
270705
563604
162366
186422
319369
205324
172977
491613
48555
61584
28809
161820
187990
555972
465718
216497
506310
7574
144300
546556
338718
79229
151480
532575
489014
393115
381971
236730
461009
190007
102820
55950
445792
282296
192699
560312
44652
131938
445722
389316
90003
38678
161799
207538
512476
445658
561256
289992
466339
396518
106881
356612
106389
565989
89880
12748
63047
483050
325483
277197
276804
87742
486040
369503
802
531036
98392
42628
64495
7108
157138
532481
430286
203864
369757
6771
428867
389812
139871
300155
155291
11699
9448
30494
172935
397351
313783
336053
144333
237316
107087
537053
286503
17115
107094
170474
468965
528578
575205
361142
57149
492284
389451
172648
292155
242724
206838
54931
468577
48564
468233
365655
165713
180011
161128
118594
109992
204329
549055
460333
312552
498463
480122
222235
580418
251572
194506
189078
166165
372466
504580
255718
528524
49060
463647
328683
421757
370478
191614
474854
501005
297427
287959
22935
563267
506707
482100
84752
453841
571943
562448
542625
203639
414261
38825
336265
376307
216516
375469
288430
160864
32334
492937
570782
466835
571264
290592
28993
502336
409268
571008
283038
401446
85665
273642
170278
325991
356968
182162
115870
189475
120572
575970
240940
276720
166768
310980
200252
357459
99053
3255
18519
432085
82765
278973
320696
565877
161642
523100
61108
505169
147518
176037
167902
172856
524742
530466
449432
13774
396200
455301
234366
111036
437110
267537
472623
354753
431876
276024
405306
227491
298994
407825
378116
357238
254516
452515
340015
211120
541634
70739
370818
263474
288062
200839
269942
26926
276707
490470
354547
285
426297
438304
465549
463690
323496
119365
388927
439773
308193
272136
323571
500826
392818
45070
390246
548524
447088
262487
433915
172083
205514
144706
179265
338625
475365
455219
198805
484296
567898
89078
571598
270908
419653
73153
544306
98018
92124
192871
569030
94871
14473
396338
512648
267933
442463
80022
556000
23751
410487
244750
557258
134689
509451
119233
426268
133000
189806
450075
473219
119088
577149
85823
569825
466602
157365
515577
343937
120777
535858
383838
27186
450439
166166
157807
306582
147745
303499
13597
579091
217872
304817
164115
289415
139
521719
180798
150638
569700
394199
290619
363072
295420
9891
498919
153797
253452
292225
171788
229311
248314
287527
128598
447611
142790
393469
231125
307172
532761
501368
7888
479030
153011
491725
359855
66926
521601
355677
437331
177213
9400
171757
218997
513688
465822
537672
447169
545958
469174
115946
340272
297085
287649
440507
342397
387916
146831
214703
151629
453341
50844
174018
9590
199771
321557
359781
333402
482978
206025
54123
465806
304984
563758
19402
161861
31118
333745
55022
37751
502347
471567
374551
440617
305695
331075
371472
157928
17182
33005
447187
458045
256916
480212
442993
136466
198641
181421
244496
456143
402720
33759
158227
168974